1 0.162025177795
2 0.169170683205
3 0.174639354208
4 0.176737503792
5 0.177205163639
6 0.177057703327
7 0.177082982237
8 0.177163032121
9 0.177188311032
10 0.177163032121
11 0.17713775321
12 0.177352623951
13 0.177420034379
14 0.177575920995
15 0.177803431191
16 0.177853989012
17 0.177904546833
18 0.177592773602
19 0.176969227139
20 0.177807644343
21 0.177647544575
22 0.17792139944
23 0.177832923253
24 0.177731807611
25 0.17777815228
26 0.177820283798
27 0.177664397182
28 0.17766018403
29 0.177702315548
30 0.177883481075
31 0.178397485591
32 0.178098351815
33 0.177938252048
34 0.177508510567
35 0.177799218039
36 0.177580134147
37 0.177596986754
38 0.177411608076
39 0.177571707843
40 0.177567494691
41 0.177453739594
42 0.177689676093
43 0.177453739594
44 0.177424247531
45 0.177251508308
46 0.177651757727
47 0.177508510567
48 0.177533789477
49 0.177609626209
50 0.177904546833
51 0.177403181772
52 0.177306279281
53 0.17706612963
54 0.177281000371
55 0.177154605818
56 0.177314705585
57 0.176977653443
58 0.177002932354
59 0.177264147764
60 0.177061916478
61 0.177019784961
62 0.176990292898
63 0.177306279281
64 0.177057703327
65 0.177163032121
66 0.17737368971
67 0.177504297415
68 0.177272574067
69 0.177314705585
70 0.177175671576
71 0.177146179514
72 0.177272574067
73 0.177647544575
74 0.177491657959
75 0.177567494691
76 0.177365263406
77 0.177377902862
78 0.177432673835
79 0.177163032121
80 0.177946678351
81 0.178304796252
82 0.178212106913
83 0.177875054771
84 0.177411608076
85 0.177213589942
86 0.177104047996
87 0.177281000371
88 0.177222016246
89 0.177133540059
90 0.177344197647
91 0.177108261148
92 0.177365263406
93 0.177276787219
94 0.17730206613
95 0.177276787219
96 0.177226229398
97 0.177091408541
98 0.177213589942
99 0.177339984496
100 0.177314705585
101 0.177449526442
102 0.176960800836
103 0.177339984496
104 0.177158818969
105 0.177335771344
106 0.177104047996
107 0.177352623951
108 0.177108261148
109 0.177323131889
110 0.177264147764
111 0.177011358657
112 0.17732734504
113 0.177150392666
114 0.177007145505
115 0.177651757727
116 0.177394755469
117 0.177251508308
118 0.177108261148
119 0.177474805352
120 0.17751693687
121 0.177120900603
122 0.177234655701
123 0.177167245273
124 0.177116687452
125 0.177217803094
126 0.177057703327
127 0.177091408541
128 0.177167245273
129 0.17718409788
130 0.177125113755
131 0.177571707843
132 0.177795004887
133 0.177466379049
134 0.177912973137
135 0.177647544575
136 0.177773939128
137 0.177757086521
138 0.177655970879
139 0.177870841619
140 0.177714955004
141 0.17766018403
142 0.177761299673
143 0.177820283798
144 0.177837136405
145 0.17777815228
146 0.177942465199
147 0.177959317806
148 0.178043580842
149 0.177592773602
150 0.177297852978
151 0.177415821228
152 0.177141966362
153 0.177365263406
154 0.17775287337
155 0.177487444808
156 0.177504297415
157 0.177424247531
158 0.177571707843
159 0.177626478816
160 0.177428460683
161 0.177276787219
162 0.17737368971
163 0.17744531329
164 0.177567494691
165 0.177533789477
166 0.177875054771
167 0.177685462941
168 0.177605413057
169 0.177908759985
170 0.17777815228
171 0.177959317806
172 0.177904546833
173 0.177976170414
174 0.17758856045
175 0.17792139944
176 0.17777815228
