1 0.311720698254
2 0.306733167082
3 0.280303030303
4 0.2575
5 0.258145363409
6 0.259900990099
7 0.259351620948
8 0.255639097744
9 0.261194029851
10 0.256281407035
11 0.258145363409
12 0.25313283208
13 0.26368159204
14 0.139949109415
15 0.139784946237
16 0.200549450549
17 0.195467422096
18 0.208450704225
19 0.205633802817
20 0.234159779614
21 0.213483146067
22 0.218130311615
23 0.235294117647
24 0.228169014085
25 0.241666666667
26 0.219101123596
27 0.24043715847
28 0.225714285714
29 0.239782016349
30 0.248021108179
31 0.252077562327
32 0.243902439024
33 0.22792022792
34 0.264397905759
35 0.211488250653
36 0.00995024875622
37 0.249350649351
38 0.252577319588
39 0.241558441558
40 0.256997455471
41 0.240932642487
42 0.239583333333
43 0.250645994832
44 0.242966751918
45 0.245524296675
46 0.252551020408
47 0.245430809399
48 0.243386243386
49 0.263707571802
50 0.240208877285
51 0.238726790451
52 0.244791666667
53 0.246031746032
54 0.242268041237
55 0.25
56 0.249363867684
57 0.252577319588
58 0.248704663212
59 0.234828496042
60 0.237967914439
61 0.262210796915
62 0.246719160105
63 0.252577319588
64 0.244845360825
65 0.245382585752
66 0.23746701847
67 0.250645994832
68 0.233243967828
69 0.231607629428
70 0.270202020202
71 0.237196765499
72 0.246719160105
73 0.252631578947
74 0.252604166667
75 0.256997455471
76 0.255154639175
77 0.259640102828
78 0.260416666667
79 0.260869565217
80 0.260869565217
81 0.25706940874
82 0.27621483376
83 0.257731958763
84 0.260981912145
85 0.290909090909
86 0.265306122449
87 0.264781491003
88 0.268542199488
89 0.25641025641
90 0.269230769231
91 0.268096514745
92 0.261658031088
93 0.267015706806
94 0.272959183673
95 0.260981912145
96 0.253886010363
97 0.262337662338
98 0.26835443038
99 0.259162303665
100 0.268733850129
101 0.272727272727
102 0.262210796915
103 0.262467191601
104 0.263427109974
105 0.272264631043
106 0.259640102828
107 0.256476683938
108 0.264935064935
109 0.261538461538
110 0.260869565217
111 0.264781491003
112 0.279487179487
113 0.264102564103
114 0.25706940874
115 0.262337662338
116 0.266331658291
117 0.268542199488
118 0.261904761905
119 0.270202020202
120 0.267716535433
121 0.27621483376
122 0.26735218509
123 0.26735218509
124 0.265091863517
125 0.260309278351
126 0.253263707572
127 0.257294429708
128 0.262886597938
129 0.262755102041
130 0.265984654731
131 0.272965879265
132 0.269035532995
133 0.269633507853
134 0.263291139241
135 0.261658031088
136 0.257894736842
137 0.264631043257
138 0.265091863517
139 0.275324675325
140 0.264781491003
141 0.26455026455
142 0.253846153846
143 0.272264631043
144 0.26525198939
145 0.2578125
146 0.262886597938
147 0.263427109974
148 0.258227848101
149 0.267857142857
150 0.272959183673
151 0.279487179487
152 0.272727272727
153 0.258485639687
154 0.276485788114
155 0.277486910995
156 0.259640102828
157 0.253886010363
158 0.263157894737
159 0.262755102041
160 0.27
161 0.255874673629
162 0.271317829457
163 0.263157894737
164 0.262032085561
165 0.279187817259
166 0.262886597938
167 0.280104712042
168 0.265984654731
169 0.257731958763
170 0.264248704663
171 0.255376344086
172 0.269922879177
173 0.260869565217
174 0.269841269841
175 0.267857142857
176 0.260204081633
177 0.27763496144
178 0.273195876289
179 0.2578125
