1 0.162711921534
2 0.169385553945
3 0.174277023155
4 0.176560551417
5 0.176649027605
6 0.176463648926
7 0.177146179514
8 0.177247295157
9 0.177150392666
10 0.177247295157
11 0.177188311032
12 0.177116687452
13 0.177247295157
14 0.177411608076
15 0.177500084263
16 0.177462165897
17 0.177238868853
18 0.177028211264
19 0.176821766827
20 0.177133540059
21 0.177247295157
22 0.177479018504
23 0.177188311032
24 0.177554855236
25 0.177580134147
26 0.177243082005
27 0.177281000371
28 0.17763490512
29 0.177276787219
30 0.177002932354
31 0.176716438033
32 0.177209376791
33 0.17718409788
34 0.17692288247
35 0.177053490175
36 0.176745930095
37 0.176897603559
38 0.176943948229
39 0.176973440291
40 0.176522633051
41 0.176842832586
42 0.176889177256
43 0.177167245273
44 0.176670093363
45 0.177655970879
46 0.177361050254
47 0.17789612053
48 0.176809127372
49 0.177116687452
50 0.176817553676
51 0.177314705585
52 0.176691159122
53 0.177015571809
54 0.177087195389
55 0.177276787219
56 0.177630691968
57 0.177504297415
58 0.177285213523
59 0.177483231656
60 0.177171458425
61 0.176960800836
62 0.177222016246
63 0.177045063871
64 0.176880750952
65 0.177243082005
66 0.177462165897
67 0.177538002629
68 0.177082982237
69 0.177213589942
70 0.177074555934
71 0.177723381307
72 0.177500084263
73 0.177339984496
74 0.17763490512
75 0.177196737335
76 0.177369476558
77 0.177491657959
78 0.177348410799
79 0.177036637568
80 0.177238868853
81 0.177188311032
82 0.176943948229
83 0.177251508308
84 0.177078769086
85 0.177584347299
86 0.177213589942
87 0.17706612963
88 0.177436886986
89 0.176998719202
90 0.177049277023
91 0.177074555934
92 0.176838619434
93 0.176897603559
94 0.177167245273
95 0.177702315548
96 0.177297852978
97 0.177356837103
98 0.177074555934
99 0.177002932354
100 0.177082982237
101 0.177567494691
102 0.177032424416
103 0.177912973137
104 0.177411608076
105 0.177672823486
106 0.177382116013
107 0.177171458425
108 0.177748660218
109 0.176986079747
110 0.176766995854
111 0.176792274765
112 0.177500084263
113 0.176842832586
114 0.176965013988
115 0.176514206748
116 0.176830193131
117 0.176834406283
118 0.177108261148
119 0.177082982237
120 0.177474805352
121 0.177567494691
122 0.177613839361
123 0.177546428933
124 0.177082982237
125 0.176977653443
126 0.17751693687
127 0.176809127372
128 0.176825979979
129 0.177567494691
130 0.176872324649
131 0.177028211264
132 0.17732734504
133 0.176438370016
134 0.176952374532
135 0.176889177256
136 0.177057703327
137 0.177171458425
138 0.17739896862
139 0.177390542317
140 0.177339984496
141 0.177002932354
142 0.177382116013
143 0.176956587684
144 0.176931308773
145 0.177719168155
146 0.177483231656
147 0.176939735077
148 0.176623748694
149 0.176935521925
150 0.176800701068
151 0.176977653443
152 0.177554855236
153 0.177002932354
154 0.17699450605
155 0.177457952745
156 0.17763490512
157 0.176758569551
158 0.176830193131
159 0.176935521925
160 0.176408877953
161 0.176598469783
162 0.177091408541
163 0.17666166706
164 0.177082982237
165 0.177104047996
166 0.177356837103
167 0.177365263406
168 0.177306279281
169 0.17744531329
170 0.177441100138
171 0.177272574067
172 0.177512723718
173 0.177820283798
174 0.177639118272
175 0.177820283798
176 0.178136270181
177 0.177900333682
