1 0.160824429539
2 0.167552832923
3 0.172397957464
4 0.173063635444
5 0.173497590077
6 0.173725100273
7 0.173392261283
8 0.173350129765
9 0.173307998247
10 0.173691395059
11 0.173716673969
12 0.173682968755
13 0.173451245408
14 0.173131045873
15 0.173055209141
16 0.17295830665
17 0.17452559911
18 0.174622501601
19 0.174175907513
20 0.174580370083
21 0.174466614985
22 0.174445549226
23 0.174218039031
24 0.174542451717
25 0.174576156931
26 0.174567730628
27 0.174517172807
28 0.174778388217
29 0.174517172807
30 0.174496107048
31 0.174517172807
32 0.174378138798
33 0.17452559911
34 0.174639354208
35 0.174466614985
36 0.174673059422
37 0.174247531093
38 0.1745003202
39 0.1748584381
40 0.174993258957
41 0.174908995922
42 0.174875290707
43 0.174647780512
44 0.174673059422
45 0.174942701136
46 0.174875290707
47 0.174626714753
48 0.174306515218
49 0.174542451717
50 0.174673059422
51 0.174673059422
52 0.174517172807
53 0.174883717011
54 0.174542451717
55 0.174778388217
56 0.174989045805
57 0.174647780512
58 0.174689912029
59 0.174892143315
