1 0.163411304729
2 0.16982372173
3 0.17528396643
4 0.176884964104
5 0.17915585291
6 0.179341231589
7 0.179577168088
8 0.179707775793
9 0.179547676025
10 0.179547676025
11 0.179488691901
12 0.179547676025
13 0.179261181705
14 0.179113721393
15 0.18525649668
16 0.1872029728
17 0.187738043075
18 0.187893929691
19 0.187910782298
20 0.187927634905
21 0.18786865078
22 0.18791499545
23 0.18829417911
24 0.18791499545
25 0.187636927433
26 0.188252047592
27 0.187531598638
28 0.187834945566
29 0.187919208602
30 0.187375712023
31 0.188403721056
32 0.188243621288
33 0.18895985709
34 0.188395294752
35 0.188302605413
36 0.188079308369
37 0.188049816307
38 0.188475344636
39 0.188087734673
40 0.187923421753
41 0.187906569146
42 0.187864437629
43 0.187969766423
44 0.187864437629
45 0.187733829923
46 0.187893929691
47 0.188041390003
48 0.188264687047
49 0.188138292494
50 0.187636927433
51 0.18817621086
52 0.18805824261
53 0.188054029458
54 0.188268900199
55 0.188117226735
56 0.187910782298
57 0.188028750548
58 0.188066668914
59 0.188441639422
60 0.188702854832
61 0.187948700664
62 0.187952913816
63 0.187700124709
64 0.187721190468
65 0.187493680272
66 0.18784337187
67 0.187645353736
68 0.187599009067
69 0.187801240352
70 0.188125653039
71 0.18765378004
72 0.187822306111
73 0.187695911558
74 0.187636927433
75 0.187830732414
76 0.187712764165
77 0.188504836698
78 0.187670632647
79 0.187577943308
80 0.18810458728
81 0.187775961441
82 0.188100374128
83 0.188054029458
84 0.188799757322
85 0.188323671172
86 0.188222555529
87 0.187556877549
88 0.188749199501
89 0.188538541912
90 0.187801240352
91 0.187889716539
92 0.187645353736
93 0.187948700664
94 0.188386868449
95 0.188150931949
96 0.187944487512
97 0.18772540362
98 0.18820148977
99 0.188024537396
100 0.187839158718
101 0.187518959183
102 0.188011897941
103 0.187965553271
104 0.188197276619
105 0.187961340119
106 0.189351680205
107 0.189423303785
108 0.187965553271
109 0.18805824261
110 0.188315244868
111 0.189060972732
112 0.188256260744
113 0.18794027436
114 0.187872863932
115 0.188774478412
116 0.188475344636
117 0.188079308369
118 0.188016111092
119 0.188108800431
120 0.187472614513
121 0.187952913816
122 0.1877970272
123 0.188285752806
124 0.187771748289
125 0.187830732414
126 0.188660723314
127 0.188184637163
128 0.188024537396
129 0.188285752806
130 0.187999258485
131 0.188997775456
132 0.188441639422
133 0.188618591796
134 0.188445852573
135 0.187893929691
136 0.188900872965
137 0.188121439887
138 0.188525902457
139 0.187746469379
140 0.188062455762
141 0.187674845799
142 0.188113013583
143 0.188782904715
144 0.187754895682
145 0.188370015841
146 0.188302605413
147 0.18858067343
148 0.188441639422
149 0.188361589538
150 0.187830732414
151 0.18836580269
152 0.18791499545
153 0.188386868449
154 0.187910782298
155 0.188551181368
156 0.188062455762
157 0.188424786815
158 0.188264687047
159 0.188820823081
160 0.18869864168
161 0.188041390003
162 0.188075095217
163 0.188066668914
164 0.188433213118
165 0.188197276619
166 0.187577943308
167 0.18791499545
168 0.187683272102
169 0.187670632647
170 0.188037176851
171 0.188774478412
172 0.188100374128
173 0.188323671172
174 0.187872863932
175 0.188032963699
176 0.187898142843
