1 0.306733167082
2 0.295918367347
3 0.025
4 0.0726817042607
5 0.0621890547264
6 0.0151133501259
7 0.0074812967581
8 0.00997506234414
9 0.00753768844221
10 0.00997506234414
11 0.01
12 0.00501253132832
13 0.273869346734
14 0.338345864662
15 0.289672544081
16 0.0175879396985
17 0.0225
18 0.0125944584383
19 0.0151133501259
20 0.0177215189873
21 0.0300751879699
22 0.0398009950249
23 0.0125313283208
24 0.0125628140704
25 0.015
26 0.0199004975124
27 0.0225
28 0.0175
29 0.0879396984925
30 0.035175879397
31 0.0174129353234
32 0.0224438902743
33 0.0248138957816
34 0.00757575757576
35 0.0125
36 0.0274314214464
37 0.0274314214464
38 0.0222222222222
39 0.0226130653266
40 0.0174563591022
41 0.0329113924051
42 0.015037593985
43 0.0100755667506
44 0.0125313283208
45 0.0100502512563
46 0.015
47 0.0199004975124
48 0.0175
49 0.0226130653266
50 0.0225563909774
51 0.0174563591022
52 0.0125628140704
53 0.0125313283208
54 0.0175
55 0.02
56 0.0275689223058
57 0.0125
58 0.0199501246883
59 0.0100502512563
