1 0.131462974822
2 0.13815345984
3 0.143638983451
4 0.143584212478
5 0.144237251003
6 0.145239981125
7 0.145459065017
8 0.145239981125
9 0.145577033267
10 0.145707640972
11 0.14556018066
12 0.145328457312
13 0.145568606963
14 0.157546597459
15 0.163596683407
16 0.165231386295
17 0.165458896491
18 0.165104991742
19 0.165892851124
20 0.165429404429
21 0.165345141393
22 0.150531699754
23 0.150177795005
24 0.150371599987
25 0.150080892514
26 0.150030334693
27 0.133615895379
28 0.133165088139
29 0.13359482962
30 0.134268933904
31 0.134399541609
32 0.134555428225
33 0.134471165189
34 0.134142539351
35 0.134180457717
36 0.133548484951
37 0.133337827362
38 0.13333361421
39 0.132920725336
40 0.132689001989
41 0.133485287674
42 0.133653813745
43 0.133565337558
44 0.133148235532
45 0.133396811487
46 0.133754929388
47 0.133893963396
48 0.133636961138
49 0.133603255924
50 0.133708584718
51 0.13300077522
52 0.133396811487
53 0.133603255924
54 0.133097677711
55 0.132903872729
56 0.133160874987
57 0.133527419192
58 0.133893963396
59 0.133839192423
