1 0.300995024876
2 0.319306930693
3 0.293532338308
4 0.255639097744
5 0.256997455471
6 0.269801980198
7 0.263157894737
8 0.270676691729
9 0.265
10 0.268170426065
11 0.26835443038
12 0.27989821883
13 0.274559193955
14 0.260651629073
15 0.266497461929
16 0.260101010101
17 0.260759493671
18 0.270202020202
19 0.282442748092
20 0.268733850129
21 0.275510204082
22 0.276649746193
23 0.263819095477
24 0.269035532995
25 0.267175572519
26 0.262755102041
27 0.264102564103
28 0.263027295285
29 0.267857142857
30 0.263959390863
31 0.263291139241
32 0.26
33 0.260204081633
34 0.271794871795
35 0.261964735516
36 0.259445843829
37 0.271573604061
38 0.261421319797
39 0.258793969849
40 0.258793969849
41 0.266169154229
42 0.260759493671
43 0.261964735516
44 0.261538461538
45 0.259640102828
46 0.261421319797
47 0.263157894737
48 0.265306122449
49 0.260651629073
50 0.270202020202
51 0.253164556962
52 0.257731958763
53 0.261421319797
54 0.261306532663
55 0.257575757576
56 0.263157894737
57 0.258145363409
58 0.261306532663
59 0.264483627204
60 0.262755102041
61 0.258793969849
62 0.263565891473
63 0.263427109974
64 0.260869565217
65 0.266149870801
66 0.2675
67 0.263157894737
68 0.260869565217
69 0.267002518892
70 0.256281407035
71 0.258793969849
72 0.262626262626
73 0.262755102041
74 0.260759493671
75 0.266331658291
76 0.271573604061
77 0.255102040816
78 0.258883248731
79 0.265151515152
80 0.257653061224
81 0.258227848101
82 0.282442748092
83 0.270886075949
84 0.269720101781
85 0.267002518892
86 0.258793969849
87 0.258883248731
88 0.262626262626
89 0.260651629073
90 0.267002518892
91 0.265306122449
92 0.261421319797
93 0.264781491003
94 0.2625
95 0.258883248731
96 0.261964735516
97 0.26368159204
98 0.258145363409
99 0.261780104712
100 0.258145363409
101 0.265151515152
102 0.265984654731
103 0.260651629073
104 0.261964735516
105 0.262626262626
106 0.260869565217
107 0.262086513995
108 0.266832917706
109 0.268733850129
110 0.260759493671
111 0.264483627204
112 0.261845386534
113 0.260869565217
114 0.264483627204
115 0.258485639687
116 0.27
117 0.260651629073
118 0.2625
119 0.27012987013
120 0.259541984733
121 0.26433915212
122 0.261421319797
123 0.261421319797
124 0.261845386534
125 0.256926952141
126 0.262086513995
127 0.265463917526
128 0.258145363409
129 0.259445843829
130 0.253807106599
131 0.262086513995
132 0.263427109974
133 0.282442748092
134 0.26
135 0.258793969849
136 0.262210796915
137 0.257653061224
138 0.261306532663
139 0.269230769231
140 0.256281407035
141 0.26582278481
142 0.260416666667
143 0.261538461538
144 0.263157894737
145 0.26433915212
146 0.265151515152
147 0.261964735516
148 0.279487179487
149 0.2725
150 0.259541984733
151 0.263291139241
152 0.26525198939
153 0.262626262626
154 0.261845386534
155 0.266666666667
156 0.255639097744
157 0.260651629073
158 0.26368159204
159 0.258145363409
160 0.265984654731
161 0.261845386534
162 0.261421319797
163 0.262755102041
164 0.260981912145
165 0.259541984733
166 0.267002518892
167 0.267857142857
168 0.256281407035
169 0.271820448878
170 0.274809160305
171 0.261845386534
172 0.258883248731
173 0.257653061224
174 0.261421319797
175 0.259640102828
176 0.259640102828
177 0.266331658291
178 0.260101010101
179 0.262337662338
