1 0.310945273632
2 0.3175
3 0.133995037221
4 0.01
5 0.00501253132832
6 0.00751879699248
7 0.00501253132832
8 0.00501253132832
9 0.00501253132832
10 0.00753768844221
11 0.00995024875622
12 0.00503778337531
13 0.00997506234414
14 0.01
15 0.00751879699248
16 0.0075
17 0.01
18 0.0150753768844
19 0.00997506234414
20 0.00751879699248
21 0.0075
22 0.00502512562814
23 0.0075
24 0.00503778337531
25 0.005
26 0.00502512562814
27 0.00751879699248
28 0.0124688279302
29 0.005
30 0.0075
31 0.00502512562814
32 0.00751879699248
33 0.0075
34 0.00751879699248
35 0.00501253132832
36 0.0075
37 0.01
38 0.00997506234414
39 0.00502512562814
40 0.0125
41 0.0074812967581
42 0.00751879699248
43 0.00997506234414
44 0.00501253132832
45 0.0075
46 0.00751879699248
47 0.00502512562814
48 0.0075
49 0.00751879699248
50 0.0124378109453
51 0.0100250626566
52 0.00498753117207
53 0.00503778337531
54 0.0075
55 0.00753768844221
56 0.00251256281407
57 0.0124688279302
58 0.00751879699248
59 0.00502512562814
