1 0.31
2 0.322660098522
3 0.326732673267
4 0.300254452926
5 0.293193717277
6 0.277078085642
7 0.2575
8 0.259445843829
9 0.26368159204
10 0.2575
11 0.2575
12 0.261845386534
13 0.26
14 0.278947368421
15 0.25
16 0.251269035533
17 0.256281407035
18 0.26368159204
19 0.271099744246
20 0.220551378446
21 0.242424242424
22 0.264781491003
23 0.272251308901
24 0.261194029851
25 0.27012987013
26 0.276381909548
27 0.256281407035
28 0.261964735516
29 0.268844221106
30 0.271540469974
31 0.24
32 0.247422680412
33 0.226221079692
34 0.269230769231
35 0.261194029851
36 0.269633507853
37 0.282442748092
38 0.266839378238
39 0.267532467532
40 0.275401069519
41 0.273712737127
42 0.254641909814
43 0.284210526316
44 0.281914893617
45 0.226063829787
46 0.231578947368
47 0.197435897436
48 0.247448979592
49 0.209973753281
50 0.267857142857
51 0.2421875
52 0.187969924812
53 0.246786632391
54 0.248677248677
55 0.286842105263
56 0.255376344086
57 0.260204081633
58 0.233502538071
59 0.279683377309
60 0.250652741514
61 0.251322751323
62 0.257372654155
63 0.255696202532
64 0.25
65 0.229381443299
66 0.267015706806
67 0.258793969849
68 0.239361702128
69 0.252577319588
70 0.253886010363
71 0.269129287599
72 0.237974683544
73 0.236363636364
74 0.258227848101
75 0.234536082474
76 0.234828496042
77 0.261096605744
78 0.227848101266
79 0.233766233766
80 0.238845144357
81 0.174479166667
82 0.256857855362
83 0.190954773869
84 0.181347150259
85 0.268542199488
86 0.261845386534
87 0.277486910995
88 0.270557029178
89 0.0860759493671
90 0.28418230563
91 0.221649484536
92 0.266497461929
93 0.219576719577
94 0.284210526316
95 0.272264631043
96 0.230366492147
97 0.289124668435
98 0.229381443299
99 0.291005291005
100 0.224226804124
101 0.281167108753
102 0.236842105263
103 0.291443850267
104 0.241379310345
105 0.265415549598
106 0.284946236559
107 0.203608247423
108 0.263157894737
109 0.0601503759398
110 0.252631578947
111 0.286089238845
112 0.285340314136
113 0.21038961039
114 0.117048346056
115 0.258793969849
116 0.293193717277
117 0.292105263158
118 0.289124668435
119 0.290237467018
120 0.259541984733
121 0.167938931298
122 0.104591836735
123 0.272965879265
124 0.263707571802
125 0.203125
126 0.286096256684
127 0.286096256684
128 0.197368421053
129 0.292553191489
130 0.295811518325
131 0.195767195767
132 0.291005291005
133 0.291005291005
134 0.2
135 0.277628032345
136 0.278215223097
137 0.192307692308
138 0.272727272727
139 0.278645833333
140 0.29057591623
141 0.188630490956
142 0.287234042553
143 0.290237467018
144 0.181578947368
145 0.282258064516
146 0.295514511873
147 0.178010471204
148 0.257978723404
149 0.293650793651
150 0.259842519685
151 0.191214470284
152 0.286089238845
153 0.274151436031
154 0.172680412371
155 0.275773195876
156 0.269720101781
157 0.239473684211
158 0.0277777777778
159 0.151832460733
160 0.289893617021
161 0.282321899736
162 0.275132275132
163 0.278514588859
164 0.0273631840796
165 0.0796915167095
166 0.28418230563
167 0.258793969849
168 0.272965879265
169 0.273417721519
170 0.29057591623
171 0.281501340483
172 0.287234042553
173 0.279569892473
174 0.287234042553
175 0.0149625935162
176 0.00501253132832
177 0.00501253132832
178 0.00251256281407
179 0.00995024875622
