1 0.147068488995
2 0.153742121406
3 0.158877953419
4 0.159168660892
5 0.161890356938
6 0.162720347838
7 0.164262361387
8 0.164355050726
9 0.164940678823
10 0.165724325053
11 0.166343658364
12 0.166958778523
13 0.167262125451
14 0.167940442887
15 0.167847753547
16 0.168703023358
17 0.169014796589
18 0.169676261418
19 0.169907984765
20 0.170396710371
21 0.170948633254
22 0.170973912164
23 0.171905018706
24 0.172229431393
25 0.173324850854
26 0.173666116148
27 0.173691395059
28 0.173880986889
29 0.176990292898
30 0.177773939128
31 0.178785095554
32 0.179602446999
33 0.179855236105
34 0.180192288247
35 0.180322895952
36 0.181064410664
37 0.181498365297
38 0.182109272304
39 0.182239880009
40 0.183040378847
41 0.18440122687
42 0.184531834575
43 0.184818328895
44 0.185420809599
45 0.186280292561
46 0.189406451178
47 0.1900510634
48 0.191432977182
49 0.191757389868
50 0.192469412518
51 0.192629512286
52 0.193076106374
53 0.193750210658
54 0.194116754862
55 0.194672890896
56 0.195439684519
57 0.195081566618
58 0.196417135731
59 0.196265462267
60 0.197154437291
61 0.197049108497
62 0.197984428191
63 0.198515285315
64 0.198898682126
65 0.199033502983
66 0.200099430382
67 0.200377498399
68 0.200701911086
69 0.200478614042
70 0.201312818093
71 0.201561394048
72 0.203078128687
73 0.203373049311
74 0.204809734066
75 0.205167851967
76 0.206768849641
77 0.213787960497
78 0.214049175908
79 0.214057602211
80 0.214285112407
81 0.218384509084
82 0.21832973811
83 0.217937914995
84 0.219652667768
85 0.219505207456
86 0.219829620142
87 0.220027638276
88 0.221064073612
89 0.220975597425
90 0.220941892211
91 0.222955778759
92 0.222837810509
93 0.223014762884
94 0.222812531599
95 0.222778826384
96 0.222926286697
97 0.223166436348
98 0.223297044053
99 0.223356028178
100 0.223191715258
101 0.222955778759
102 0.223086386464
103 0.223031615491
104 0.223170649499
105 0.223090599616
106 0.222770400081
107 0.223111665375
108 0.223444504365
109 0.223372880785
110 0.223297044053
111 0.223364454481
112 0.223297044053
113 0.22345714382
114 0.224624186862
115 0.225121338771
116 0.224965452155
117 0.225150830834
118 0.225155043985
119 0.22509605986
120 0.224994944218
121 0.225281438539
122 0.225045502039
123 0.224957025852
124 0.225412046244
125 0.225074994102
126 0.225176109744
127 0.225079207253
128 0.225062354646
129 0.224994944218
130 0.225129765075
131 0.225003370521
132 0.224750581415
133 0.224914894334
134 0.225256159628
135 0.225125551923
136 0.225133978226
137 0.225289864842
138 0.224817991843
139 0.224565202737
140 0.224662105228
141 0.224531497523
142 0.22480956554
143 0.22488118912
144 0.22507078095
145 0.225045502039
146 0.224940173245
147 0.224864336513
148 0.225045502039
149 0.225167683441
150 0.225542653949
151 0.225281438539
152 0.225020223129
153 0.224973878459
154 0.225020223129
155 0.225167683441
156 0.227143651623
157 0.227345882908
158 0.22711415956
159 0.227135225319
160 0.227345882908
161 0.227379588122
162 0.227109946409
163 0.226772894267
164 0.227004617614
165 0.227371161819
166 0.227029896525
167 0.226865583606
168 0.226768681115
169 0.226376858
170 0.226486399946
171 0.226473760491
172 0.226916141427
173 0.226823452088
174 0.22685294415
175 0.226907715124
176 0.227223701507
177 0.227215275203
