1 0.309045226131
2 0.332506203474
3 0.268656716418
4 0.275689223058
5 0.236641221374
6 0.265984654731
7 0.199481865285
8 0.310432569975
9 0.116161616162
10 0.103359173127
11 0.116455696203
12 0.0935064935065
13 0.110539845758
14 0.126582278481
15 0.113695090439
16 0.113989637306
17 0.123737373737
18 0.123076923077
19 0.088772845953
20 0.0963541666667
21 0.103448275862
22 0.110539845758
23 0.128272251309
24 0.141025641026
25 0.0989583333333
26 0.086387434555
27 0.0853333333333
28 0.0963541666667
29 0.1
30 0.10621761658
31 0.109974424552
32 0.102094240838
33 0.109947643979
34 0.116402116402
35 0.0961038961039
36 0.0846560846561
37 0.102301790281
38 0.0769230769231
39 0.103359173127
40 0.0807291666667
41 0.110824742268
42 0.0763157894737
43 0.0744680851064
44 0.0815789473684
45 0.101298701299
46 0.0824468085106
47 0.137755102041
48 0.134860050891
49 0.0894736842105
50 0.126943005181
51 0.114285714286
52 0.0925449871465
53 0.130890052356
54 0.135416666667
55 0.129770992366
56 0.138888888889
57 0.0759162303665
58 0.105943152455
59 0.11345646438
60 0.133165829146
61 0.112820512821
62 0.124688279302
63 0.102301790281
64 0.118686868687
65 0.117794486216
66 0.109974424552
67 0.115485564304
68 0.118987341772
69 0.102040816327
70 0.0761154855643
71 0.123737373737
72 0.132124352332
73 0.121212121212
74 0.123115577889
75 0.137404580153
76 0.126262626263
77 0.106598984772
78 0.104060913706
79 0.0963541666667
80 0.102564102564
81 0.113989637306
82 0.157216494845
83 0.11227154047
84 0.114285714286
85 0.12853470437
86 0.111405835544
87 0.133333333333
88 0.111392405063
89 0.09375
90 0.130890052356
91 0.0689655172414
92 0.105398457584
93 0.1
94 0.103896103896
95 0.122762148338
96 0.107692307692
97 0.0953608247423
98 0.124688279302
99 0.104591836735
100 0.0880829015544
101 0.161616161616
102 0.126943005181
103 0.0478589420655
104 0.0277777777778
105 0.015037593985
106 0.00251256281407
107 0.0125313283208
108 0.0124378109453
109 0.00751879699248
110 0.00751879699248
111 0.015
112 0.00997506234414
113 0.00755667506297
114 0.0200501253133
115 0.015
116 0.00501253132832
117 0.0174129353234
118 0.00502512562814
119 0.0174129353234
120 0.00502512562814
121 0.00751879699248
122 0.01
123 0.0125313283208
124 0.0299251870324
125 0.0226700251889
126 0.0124688279302
127 0.0174129353234
128 0.00751879699248
129 0.00505050505051
130 0.00995024875622
131 0.0125628140704
132 0.00997506234414
133 0.0250626566416
134 0.0225
135 0.0125
136 0.00997506234414
137 0.0247524752475
138 0.00502512562814
139 0.0175
140 0.0074812967581
141 0.025
142 0.00751879699248
143 0.0175438596491
144 0.0174563591022
145 0.0175879396985
146 0.015037593985
147 0.0174129353234
148 0.0174129353234
149 0.0225
150 0.0075
151 0.0150753768844
152 0.01
153 0.0199501246883
154 0.0124688279302
155 0.0226130653266
156 0.00995024875622
157 0.0125628140704
158 0.01
159 0.01
160 0.0174563591022
161 0.0075
162 0.00997506234414
163 0.00759493670886
164 0.00995024875622
165 0.0325
166 0.00751879699248
167 0.0199501246883
168 0.00751879699248
169 0.0125313283208
170 0.00498753117207
171 0.015
172 0.00751879699248
173 0.0149625935162
174 0.0074812967581
175 0.0397022332506
176 0.00751879699248
177 0.0125
178 0.0149625935162
179 0.0174563591022
