1 0.315136476427
2 0.321608040201
3 0.293969849246
4 0.308707124011
5 0.407310704961
6 0.291237113402
7 0.205128205128
8 0.350267379679
9 0.179347826087
10 0.155672823219
11 0.176470588235
12 0.177718832891
13 0.165374677003
14 0.170666666667
15 0.159685863874
16 0.190355329949
17 0.191815856777
18 0.134920634921
19 0.134920634921
20 0.185750636132
21 0.134564643799
22 0.19170984456
23 0.168831168831
24 0.194444444444
25 0.140957446809
26 0.176165803109
27 0.174142480211
28 0.218829516539
29 0.162666666667
30 0.181347150259
31 0.157181571816
32 0.145888594164
33 0.161803713528
34 0.145945945946
35 0.20253164557
36 0.157894736842
37 0.146596858639
38 0.144736842105
39 0.203562340967
40 0.165354330709
41 0.19689119171
42 0.2
43 0.175392670157
44 0.145454545455
45 0.169270833333
46 0.148825065274
47 0.137566137566
48 0.205128205128
49 0.164524421594
50 0.145888594164
51 0.177545691906
52 0.20297029703
53 0.177377892031
54 0.175392670157
55 0.128065395095
56 0.182989690722
57 0.174025974026
58 0.151595744681
59 0.155263157895
