1 0.146815699889
2 0.153367150898
3 0.15878526408
4 0.160769658566
5 0.162762479356
6 0.163937948701
7 0.165635848866
8 0.16645320031
9 0.167464356736
10 0.16887576258
11 0.171205635512
12 0.171862887189
13 0.172288415518
14 0.174057939263
15 0.174900569618
16 0.179897367623
17 0.179758333614
18 0.182307290438
19 0.184443358388
20 0.186238161044
21 0.186731099801
22 0.187620074826
23 0.188951430786
24 0.189701371802
25 0.196067444134
26 0.196269675419
27 0.20068927163
28 0.20076089521
29 0.200963126496
30 0.203659543631
31 0.203975530014
32 0.206751997034
33 0.206406518588
34 0.208572078601
35 0.209225117126
36 0.211967878931
37 0.212304931073
38 0.212410259867
39 0.217061579426
40 0.224375610907
41 0.224539923826
42 0.224409316121
43 0.22447672655
44 0.232342680913
45 0.232182581145
46 0.232115170717
47 0.236753850821
48 0.236678014089
49 0.236661161482
50 0.237095116114
51 0.241202939095
52 0.241384104621
53 0.241413596683
54 0.241986585325
55 0.246317705349
56 0.246010145269
57 0.246473591965
58 0.246026997877
59 0.25045080724
60 0.250758367319
61 0.250817351444
62 0.250442380936
63 0.250644612222
64 0.255780444235
65 0.262643668476
66 0.270842461829
67 0.270876167043
68 0.270652869999
69 0.270842461829
70 0.270973069534
71 0.271027840507
72 0.284375105329
73 0.284476220971
74 0.284033840035
75 0.284514139337
76 0.284581549766
77 0.28442566315
78 0.292300043817
79 0.292784556271
80 0.292346388486
81 0.292658161718
82 0.292788769423
83 0.292418012066
84 0.299748896154
85 0.300128079814
86 0.300528329233
87 0.300494624018
88 0.300448279349
89 0.300313458492
90 0.300625231723
91 0.30835636523
92 0.30831002056
93 0.30838164414
94 0.308065657757
95 0.308242610132
96 0.308461694024
97 0.315661970407
98 0.316129630254
99 0.316218106441
100 0.315902120058
101 0.316154909164
102 0.315771512353
103 0.31609592504
104 0.316108564495
105 0.321476119856
106 0.327816913276
107 0.346830867235
108 0.347538676733
109 0.347180558832
110 0.347467053153
111 0.347433347939
112 0.347774613233
113 0.347382790118
114 0.347290100779
115 0.347492332064
116 0.347808318447
117 0.347795678992
118 0.347328019145
119 0.34745862685
120 0.347774613233
121 0.347563955644
122 0.34748390576
123 0.347391216421
124 0.347041524824
125 0.347180558832
126 0.347424921635
127 0.347652431831
128 0.347922073545
129 0.347901007786
130 0.347930499848
131 0.347892581482
132 0.347842023661
133 0.348014762884
134 0.347905220938
135 0.34774512117
136 0.347644005528
137 0.347795678992
138 0.347492332064
139 0.347563955644
140 0.347547103037
141 0.347622939769
142 0.347799892143
143 0.347563955644
144 0.347597660858
145 0.347521824126
146 0.347538676733
147 0.34771984226
148 0.347551316189
149 0.347753547474
150 0.347804105295
151 0.347332232296
152 0.347450200546
153 0.347614513465
154 0.347395429573
155 0.347665071287
156 0.347589234555
157 0.347167919377
158 0.347517610974
159 0.347563955644
160 0.347669284438
161 0.347669284438
162 0.347382790118
163 0.347589234555
164 0.347572381947
165 0.347589234555
166 0.347302740234
167 0.347669284438
168 0.347509184671
169 0.34741228218
170 0.347285887627
171 0.347622939769
172 0.347774613233
173 0.347905220938
174 0.347694563349
175 0.347606087162
176 0.34781674475
177 0.347938926152
