1 0.316831683168
2 0.331670822943
3 0.2975
4 0.291237113402
5 0.31592689295
6 0.266666666667
7 0.263427109974
8 0.182989690722
9 0.356589147287
10 0.204603580563
11 0.148051948052
12 0.134210526316
13 0.151832460733
14 0.170984455959
15 0.126649076517
16 0.133333333333
17 0.132275132275
18 0.136842105263
19 0.15503875969
20 0.164948453608
21 0.164948453608
22 0.1834625323
23 0.152454780362
24 0.142857142857
25 0.145502645503
26 0.154639175258
27 0.104838709677
28 0.112860892388
29 0.137096774194
30 0.125333333333
31 0.137662337662
32 0.156010230179
33 0.172236503856
34 0.137662337662
35 0.123359580052
36 0.187989556136
37 0.161538461538
38 0.160206718346
39 0.143236074271
40 0.1328125
41 0.132275132275
42 0.130666666667
43 0.141361256545
44 0.116402116402
45 0.167512690355
46 0.181818181818
47 0.152284263959
48 0.142857142857
49 0.13829787234
50 0.148717948718
51 0.130208333333
52 0.151041666667
53 0.197530864198
54 0.121372031662
55 0.135416666667
56 0.131720430108
57 0.151282051282
58 0.13881748072
59 0.2275
60 0.169712793734
61 0.160206718346
62 0.142480211082
63 0.10752688172
64 0.150895140665
65 0.158031088083
66 0.172323759791
67 0.155440414508
68 0.130548302872
69 0.147582697201
70 0.126984126984
71 0.124324324324
72 0.161538461538
73 0.121693121693
74 0.126984126984
75 0.158567774936
76 0.127937336815
77 0.134210526316
78 0.156657963446
79 0.110810810811
80 0.11811023622
81 0.144385026738
82 0.146596858639
83 0.120104438642
84 0.14175257732
85 0.161458333333
86 0.12401055409
87 0.16
88 0.140992167102
89 0.169230769231
90 0.129533678756
91 0.153452685422
92 0.185750636132
93 0.139841688654
94 0.138461538462
95 0.149100257069
96 0.167938931298
97 0.135064935065
98 0.217721518987
99 0.187989556136
100 0.148825065274
101 0.171428571429
102 0.124338624339
103 0.14025974026
104 0.110215053763
105 0.158031088083
106 0.141025641026
107 0.110215053763
108 0.202046035806
109 0.153645833333
110 0.122666666667
111 0.10597826087
112 0.134715025907
113 0.147368421053
114 0.164102564103
115 0.112820512821
116 0.0126262626263
117 0.02
118 0.0125
119 0.00995024875622
120 0.00251256281407
121 0.00753768844221
122 0.0075
123 0.0273631840796
124 0.00501253132832
125 0.0124378109453
126 0.0075
127 0.0125313283208
128 0.00751879699248
129 0.00751879699248
130 0.00995024875622
131 0.00755667506297
132 0.00995024875622
133 0.0225
134 0.00997506234414
135 0.0075
136 0.0074812967581
137 0.0100502512563
138 0.00746268656716
139 0.00751879699248
140 0.0074812967581
141 0.0100250626566
142 0.01
143 0.0175438596491
144 0.0075
145 0.00997506234414
146 0.00997506234414
147 0.01
148 0.0075
149 0.00751879699248
150 0.00997506234414
151 0.0100250626566
152 0.0074812967581
153 0.0200501253133
154 0.00995024875622
155 0.0100250626566
156 0.0075
157 0.0124688279302
158 0.0075
159 0.0124688279302
160 0.0075
161 0.01
162 0.0074812967581
163 0.0201005025126
164 0.00997506234414
165 0.00501253132832
166 0.0124069478908
167 0.00250626566416
168 0.00501253132832
169 0.00751879699248
170 0.00751879699248
171 0.005
172 0.00501253132832
173 0.0224438902743
174 0.0100250626566
175 0.01
176 0.0075
177 0.00995024875622
178 0.00751879699248
179 0.01
