1 0.153223903738
2 0.159766928444
3 0.165244025751
4 0.167350601638
5 0.169406619704
6 0.170059658229
7 0.170999191075
8 0.17112979878
9 0.171294111699
10 0.172444302134
11 0.173055209141
12 0.173278506185
13 0.174243317941
14 0.1742643837
15 0.174942701136
16 0.175254474367
17 0.175305032188
18 0.175970710169
19 0.176632174997
20 0.177171458425
21 0.17756328154
22 0.178102564967
23 0.178077286056
24 0.178844079679
25 0.179147426607
26 0.17946341299
27 0.18043665105
28 0.181270855101
29 0.181106542182
30 0.184321176986
31 0.184599245003
32 0.186174963767
33 0.186410900266
34 0.187173480737
35 0.187881290236
36 0.187455761906
37 0.188403721056
38 0.188614378644
39 0.189343253901
40 0.1892210725
41 0.190042637096
42 0.190973743638
43 0.191268664262
44 0.192035457885
45 0.192191344501
46 0.192427281
47 0.192916006606
48 0.193253058748
49 0.19318564832
50 0.193278337659
51 0.195898918063
52 0.19867117193
53 0.198704877144
54 0.199054568742
55 0.202058545957
56 0.202029053895
57 0.202058545957
58 0.204215679666
59 0.204304155853
