1 0.310945273632
2 0.318295739348
3 0.311881188119
4 0.256281407035
5 0.2575
6 0.261845386534
7 0.258145363409
8 0.2575
9 0.253768844221
10 0.258064516129
11 0.261194029851
12 0.255
13 0.255639097744
14 0.26433915212
15 0.167123287671
16 0.182305630027
17 0.161202185792
18 0.161643835616
19 0.142061281337
20 0.152354570637
21 0.149584487535
22 0.168021680217
23 0.169811320755
24 0.176
25 0.147632311978
26 0.172043010753
27 0.168021680217
28 0.165311653117
29 0.176470588235
30 0.158469945355
31 0.151933701657
32 0.161202185792
33 0.151515151515
34 0.168021680217
35 0.175531914894
36 0.146408839779
37 0.157024793388
38 0.138888888889
39 0.152777777778
40 0.171122994652
41 0.135211267606
42 0.151933701657
43 0.149171270718
44 0.155737704918
45 0.151933701657
46 0.155313351499
47 0.16348773842
48 0.167567567568
49 0.158469945355
50 0.147222222222
51 0.154269972452
52 0.131652661064
53 0.181333333333
54 0.197916666667
55 0.183023872679
56 0.144444444444
57 0.157024793388
58 0.144846796657
59 0.168021680217
60 0.146408839779
61 0.158904109589
62 0.161643835616
63 0.149584487535
64 0.165311653117
65 0.174731182796
66 0.154269972452
67 0.154269972452
68 0.16621253406
69 0.160326086957
70 0.151515151515
71 0.153846153846
72 0.148760330579
73 0.167115902965
74 0.157608695652
75 0.151098901099
76 0.16847826087
77 0.146408839779
78 0.153424657534
79 0.154269972452
80 0.156164383562
81 0.166666666667
82 0.148760330579
83 0.164864864865
84 0.156593406593
85 0.165760869565
86 0.151098901099
87 0.16621253406
88 0.156164383562
89 0.153005464481
90 0.16348773842
91 0.153005464481
92 0.153846153846
93 0.154696132597
94 0.153005464481
95 0.139664804469
96 0.16393442623
97 0.168449197861
98 0.154269972452
99 0.153846153846
100 0.153846153846
101 0.167115902965
102 0.168021680217
103 0.174262734584
104 0.176
105 0.16348773842
106 0.171581769437
107 0.151515151515
108 0.160762942779
109 0.139664804469
110 0.153424657534
111 0.139664804469
112 0.139275766017
113 0.158469945355
114 0.146005509642
115 0.141274238227
116 0.160762942779
117 0.147945205479
118 0.148760330579
119 0.165760869565
120 0.147945205479
121 0.177419354839
122 0.165311653117
123 0.147632311978
124 0.153846153846
125 0.151515151515
126 0.146005509642
127 0.16393442623
128 0.167115902965
129 0.13687150838
130 0.176470588235
131 0.164420485175
132 0.148760330579
133 0.157024793388
134 0.155737704918
135 0.134831460674
136 0.174262734584
137 0.193211488251
138 0.134831460674
139 0.157024793388
140 0.141666666667
141 0.17027027027
142 0.162601626016
143 0.185676392573
144 0.134453781513
145 0.158038147139
146 0.158602150538
147 0.151933701657
148 0.169811320755
149 0.170212765957
150 0.147222222222
151 0.153424657534
152 0.146408839779
153 0.146005509642
154 0.147138964578
155 0.169811320755
156 0.19689119171
157 0.203608247423
158 0.176
159 0.142458100559
160 0.158469945355
161 0.141666666667
162 0.156593406593
163 0.149584487535
164 0.14404432133
165 0.137640449438
166 0.151933701657
167 0.147945205479
168 0.153846153846
169 0.157024793388
170 0.164420485175
171 0.16348773842
172 0.141666666667
173 0.131652661064
174 0.161643835616
175 0.142061281337
176 0.145205479452
177 0.136490250696
178 0.174262734584
179 0.151098901099
