1 0.0932623276821
2 0.10313374229
3 0.109689406451
4 0.116636893727
5 0.118073578483
6 0.120466648691
7 0.12082055344
8 0.120470861842
9 0.120677306279
10 0.120875324413
11 0.120896390172
12 0.12065624052
13 0.12108176885
14 0.120980653207
15 0.120786848225
16 0.120828979743
17 0.120458222387
18 0.120622535306
19 0.121418820992
20 0.121326131653
21 0.12115339243
22 0.121338771108
23 0.121069129394
24 0.121128113519
25 0.12129663959
26 0.120955374296
27 0.12117867134
28 0.121431460447
29 0.121477805116
30 0.121524149786
31 0.121338771108
32 0.120879537564
33 0.120795274529
34 0.121115474064
35 0.120946947993
36 0.121397755233
37 0.121102834609
38 0.121284000135
39 0.12108176885
40 0.121182884492
41 0.121435673599
42 0.120913242779
43 0.120761569315
44 0.120862684957
45 0.121359836867
46 0.121595773366
47 0.121187097644
48 0.121456739358
49 0.121823283562
50 0.121730594223
51 0.121688462705
52 0.121802217803
53 0.121730594223
54 0.12148623142
55 0.121170245037
56 0.121545215545
57 0.121161818733
58 0.121309279045
59 0.121014358421
60 0.121254508072
61 0.121300852742
62 0.121431460447
63 0.121229229162
64 0.121663183795
65 0.121983383329
66 0.121696889009
67 0.121250294921
68 0.121300852742
69 0.121064916243
70 0.120694158886
71 0.121288213287
72 0.121229229162
73 0.12110704776
74 0.120921669082
75 0.12117867134
76 0.121410394688
77 0.121284000135
78 0.121448313054
79 0.121448313054
80 0.121608412821
81 0.120993292662
82 0.121174458189
83 0.121452526206
84 0.12129663959
85 0.120875324413
86 0.121195523948
87 0.121279786983
88 0.121144966126
89 0.121250294921
90 0.121132326671
91 0.121119687216
92 0.121338771108
93 0.121187097644
94 0.121637904884
95 0.121435673599
96 0.121018571573
97 0.121355623715
98 0.121229229162
99 0.121292426438
100 0.12160419967
101 0.121663183795
102 0.121465165661
103 0.1209638006
104 0.121039637332
105 0.12136826317
106 0.121326131653
107 0.121111260912
108 0.121233442314
109 0.120757356163
110 0.121397755233
111 0.12110704776
112 0.121233442314
113 0.121031211028
114 0.121317705349
115 0.121317705349
116 0.121524149786
117 0.121355623715
118 0.120921669082
119 0.121001718966
120 0.12091745593
121 0.121123900367
122 0.121258721224
123 0.12108176885
124 0.121519936634
125 0.121043850484
126 0.121435673599
127 0.121149179278
128 0.120786848225
129 0.121271360679
130 0.121203950251
131 0.121376689474
132 0.121069129394
133 0.121064916243
134 0.121305065894
135 0.121541002393
136 0.121709528464
137 0.121161818733
138 0.121427247295
139 0.121161818733
140 0.120934308538
141 0.12084583235
142 0.120652027369
143 0.121494657724
144 0.121536789241
145 0.121309279045
146 0.121187097644
147 0.120841619198
148 0.121212376555
149 0.121119687216
150 0.120980653207
151 0.121385115777
152 0.121385115777
153 0.121566281304
154 0.121444099902
155 0.121351410563
156 0.12153257609
157 0.12143988675
158 0.12186541508
159 0.121401968385
160 0.121187097644
161 0.121524149786
162 0.121570494455
163 0.121608412821
164 0.121418820992
165 0.120942734841
166 0.121482018268
167 0.121983383329
168 0.12141460784
169 0.121334557956
170 0.121562068152
171 0.121288213287
172 0.121456739358
173 0.121300852742
174 0.12153257609
175 0.12162947858
176 0.121128113519
