1 0.141949509589
2 0.14843355017
3 0.154058107789
4 0.157230611076
5 0.158511409215
6 0.158675722134
7 0.159358252722
8 0.159332973811
9 0.15942566315
10 0.159332973811
11 0.159716370623
12 0.160419966969
13 0.159851191479
14 0.159775354747
15 0.159741649533
16 0.160116620041
17 0.159956520274
18 0.159611041828
19 0.159556270855
20 0.159817486265
21 0.159905962452
22 0.159817486265
23 0.160238801443
24 0.15994809397
25 0.159855404631
26 0.159611041828
27 0.159846978328
28 0.159345613266
29 0.159227645017
30 0.159846978328
31 0.159817486265
32 0.159737436381
33 0.160108193738
34 0.160167177862
35 0.160226161987
36 0.160133472648
37 0.159880683542
38 0.159863830935
39 0.159821699417
40 0.159889109845
41 0.159931241363
42 0.159775354747
43 0.159868044086
44 0.15968687856
45 0.159320334356
46 0.159560484007
47 0.159556270855
48 0.159627894435
49 0.159716370623
50 0.159480434123
51 0.159931241363
52 0.160411540665
53 0.159931241363
54 0.159530991944
55 0.160036570157
56 0.160272506657
57 0.160264080353
58 0.160078701675
59 0.160238801443
