1 0.309823677582
2 0.3175
3 0.30198019802
4 0.206718346253
5 0.207894736842
6 0.193633952255
7 0.145454545455
8 0.173796791444
9 0.105540897098
10 0.137755102041
11 0.125654450262
12 0.139175257732
13 0.110526315789
14 0.131105398458
15 0.121052631579
16 0.116710875332
17 0.0986666666667
18 0.105540897098
19 0.11170212766
20 0.135549872123
21 0.129198966408
22 0.142857142857
23 0.137755102041
24 0.115183246073
25 0.119047619048
26 0.151515151515
27 0.100529100529
28 0.12987012987
29 0.124031007752
30 0.115485564304
31 0.131105398458
32 0.13315926893
33 0.0978835978836
34 0.132467532468
35 0.130890052356
36 0.116883116883
37 0.146464646465
38 0.129770992366
39 0.109947643979
40 0.132124352332
41 0.141025641026
42 0.119791666667
43 0.1
44 0.114882506527
45 0.127604166667
46 0.0952380952381
47 0.150510204082
48 0.116580310881
49 0.100529100529
50 0.0991957104558
51 0.117948717949
52 0.113402061856
53 0.145038167939
54 0.116580310881
55 0.106770833333
56 0.0970350404313
57 0.0965147453083
58 0.116094986807
59 0.126943005181
60 0.125984251969
61 0.115789473684
62 0.088
63 0.123036649215
64 0.10875331565
65 0.111398963731
66 0.11345646438
67 0.100795755968
68 0.114583333333
69 0.125964010283
70 0.132992327366
71 0.104438642298
72 0.110526315789
73 0.0806451612903
74 0.121052631579
75 0.10498687664
76 0.117948717949
77 0.13417721519
78 0.0933333333333
79 0.142131979695
80 0.114583333333
81 0.123359580052
82 0.132653061224
83 0.112565445026
84 0.124675324675
85 0.124352331606
86 0.12853470437
87 0.124675324675
88 0.109947643979
89 0.11811023622
90 0.10621761658
91 0.0997375328084
92 0.107969151671
93 0.127272727273
94 0.118251928021
95 0.118863049096
96 0.0952380952381
97 0.135897435897
98 0.131782945736
99 0.124675324675
100 0.110236220472
101 0.111398963731
102 0.1227154047
103 0.0994764397906
104 0.0947368421053
105 0.111688311688
106 0.124675324675
107 0.100795755968
108 0.0868421052632
109 0.100795755968
110 0.125326370757
111 0.128608923885
112 0.125641025641
113 0.125
114 0.120204603581
115 0.121447028424
116 0.117493472585
117 0.117948717949
118 0.100529100529
119 0.119480519481
120 0.0906666666667
121 0.1171875
122 0.123036649215
123 0.119897959184
124 0.12661498708
125 0.139175257732
126 0.133676092545
127 0.116094986807
128 0.126315789474
129 0.129287598945
130 0.12661498708
131 0.124675324675
132 0.107611548556
133 0.114583333333
134 0.118556701031
135 0.119363395225
136 0.123711340206
137 0.154430379747
138 0.107049608355
139 0.10824742268
140 0.131105398458
141 0.0978835978836
142 0.122762148338
143 0.121134020619
144 0.120204603581
145 0.0901856763926
146 0.138461538462
147 0.0938337801609
148 0.088471849866
149 0.138461538462
150 0.122395833333
151 0.118556701031
152 0.109375
153 0.103448275862
154 0.123076923077
155 0.0802139037433
156 0.113402061856
157 0.10621761658
158 0.121134020619
159 0.112820512821
160 0.104438642298
161 0.130208333333
162 0.124031007752
163 0.0952380952381
164 0.113989637306
165 0.141057934509
166 0.130769230769
167 0.11227154047
168 0.101298701299
169 0.149367088608
170 0.11811023622
171 0.125326370757
172 0.119170984456
173 0.121134020619
174 0.119170984456
175 0.108527131783
176 0.115384615385
177 0.0994764397906
178 0.108808290155
179 0.121761658031
