1 0.163259631265
2 0.169802655971
3 0.175279753278
4 0.176872324649
5 0.178030941387
6 0.178431190805
7 0.179075803027
8 0.179021032054
9 0.179492905052
10 0.179315952678
11 0.179311739526
12 0.179214837035
13 0.179315952678
14 0.178839866527
15 0.17915585291
16 0.179160066062
17 0.179467626142
18 0.179256968553
19 0.179737267855
20 0.179572954936
21 0.179240115946
22 0.179337018437
23 0.179075803027
24 0.179387576258
25 0.178995753143
26 0.179572954936
27 0.179808891436
28 0.179492905052
29 0.179703562641
30 0.179256968553
31 0.17958138124
32 0.179311739526
33 0.179050524116
34 0.179501331356
35 0.179631939061
36 0.179808891436
37 0.179480265597
38 0.179248542249
39 0.179572954936
40 0.179762546766
41 0.179804678284
42 0.179745694159
43 0.179362297347
44 0.179530823418
45 0.179762546766
46 0.179467626142
47 0.179467626142
48 0.17958138124
49 0.179442347231
50 0.17984259665
51 0.179825744043
52 0.179518183963
53 0.17984259665
54 0.179412855169
55 0.179467626142
56 0.179362297347
57 0.17960666015
58 0.179648791668
59 0.179762546766
60 0.179543462874
61 0.179160066062
62 0.179589807543
63 0.179219050187
64 0.179054737268
65 0.178936769018
66 0.178953621625
67 0.179021032054
68 0.179442347231
69 0.179332805285
70 0.178949408473
71 0.179598233847
72 0.179808891436
73 0.179901580775
74 0.179859449257
75 0.179648791668
76 0.179589807543
77 0.179526610267
78 0.17960666015
79 0.179745694159
80 0.179307526374
81 0.179256968553
82 0.179492905052
83 0.179737267855
84 0.179450773535
85 0.179126360848
86 0.179109508241
87 0.17934544474
88 0.179901580775
89 0.179754120462
90 0.17967828373
91 0.179623512757
92 0.179572954936
93 0.179728841552
94 0.17960666015
95 0.17979625198
96 0.179404428865
97 0.179492905052
98 0.178995753143
99 0.179134787152
100 0.17894098217
101 0.179572954936
102 0.179370723651
103 0.179324378981
104 0.179657217972
105 0.179644578516
106 0.179412855169
107 0.179387576258
108 0.17934544474
109 0.179227476491
110 0.179383363106
111 0.179598233847
112 0.17960666015
113 0.179572954936
114 0.179838383498
115 0.179337018437
116 0.179096868786
117 0.179151639759
118 0.179071589875
119 0.17934544474
120 0.179151639759
121 0.179105295089
122 0.179185344973
123 0.179703562641
124 0.17986787556
125 0.179231689642
126 0.179446560383
127 0.179737267855
128 0.179412855169
129 0.179412855169
130 0.179492905052
131 0.179543462874
132 0.179484478749
133 0.179674070579
134 0.179240115946
135 0.179307526374
136 0.17920219758
137 0.179476052445
138 0.179808891436
139 0.179648791668
140 0.179442347231
141 0.179808891436
142 0.179690923186
143 0.17958138124
144 0.17920219758
145 0.179126360848
146 0.179235902794
147 0.179282247464
148 0.179214837035
149 0.179151639759
150 0.179442347231
151 0.17941706832
152 0.17946341299
153 0.179492905052
154 0.179998483265
155 0.179939499141
156 0.179968991203
157 0.179476052445
158 0.179808891436
159 0.179648791668
160 0.179543462874
161 0.179631939061
162 0.179484478749
163 0.179092655634
164 0.179130574
165 0.17941706832
166 0.179476052445
167 0.17958138124
168 0.179446560383
169 0.179105295089
170 0.179092655634
171 0.179286460615
172 0.178915703259
173 0.179353871044
174 0.17958138124
175 0.179387576258
176 0.179745694159
177 0.179412855169
