1 0.203007518797
2 0.263291139241
3 0.243654822335
4 0.295739348371
5 0.256281407035
6 0.233830845771
7 0.171581769437
8 0.170666666667
9 0.162601626016
10 0.16621253406
11 0.209302325581
12 0.179894179894
13 0.186528497409
14 0.163538873995
15 0.175202156334
16 0.175853018373
17 0.190104166667
18 0.194070080863
19 0.181578947368
20 0.200507614213
21 0.16890080429
22 0.199488491049
23 0.164893617021
24 0.178947368421
25 0.168449197861
26 0.161725067385
27 0.167553191489
28 0.187012987013
29 0.171503957784
30 0.185185185185
31 0.171957671958
32 0.188976377953
33 0.200514138817
34 0.182291666667
35 0.164420485175
36 0.164864864865
37 0.190600522193
38 0.203045685279
39 0.206106870229
40 0.16935483871
41 0.18085106383
42 0.196382428941
43 0.161290322581
44 0.178477690289
45 0.162162162162
46 0.16
47 0.192802056555
48 0.154891304348
49 0.164893617021
50 0.166219839142
51 0.184415584416
52 0.16577540107
53 0.178477690289
54 0.151351351351
55 0.185378590078
56 0.162666666667
57 0.168449197861
58 0.175066312997
59 0.168449197861
60 0.168865435356
61 0.176315789474
62 0.194871794872
63 0.152173913043
64 0.175853018373
65 0.1875
66 0.159459459459
67 0.156756756757
68 0.159459459459
69 0.187989556136
70 0.190721649485
71 0.156334231806
72 0.179894179894
73 0.149456521739
74 0.18961038961
75 0.2040302267
76 0.180628272251
77 0.157181571816
78 0.160427807487
79 0.154054054054
80 0.152588555858
81 0.172413793103
82 0.173796791444
83 0.182767624021
84 0.190231362468
85 0.161290322581
86 0.180371352785
87 0.187012987013
88 0.163538873995
89 0.175066312997
90 0.178477690289
91 0.203084832905
92 0.178947368421
93 0.159891598916
94 0.179894179894
95 0.155737704918
96 0.152173913043
97 0.154054054054
98 0.181102362205
99 0.192207792208
100 0.178010471204
101 0.19794344473
102 0.189119170984
103 0.177718832891
104 0.204081632653
105 0.206106870229
106 0.147945205479
107 0.153638814016
108 0.178947368421
109 0.192802056555
110 0.178947368421
111 0.163978494624
112 0.159459459459
113 0.160427807487
114 0.163538873995
115 0.16577540107
116 0.171581769437
117 0.16577540107
118 0.195372750643
119 0.197435897436
120 0.185378590078
121 0.196930946292
122 0.181818181818
123 0.1581769437
124 0.153005464481
125 0.177545691906
126 0.156756756757
127 0.166219839142
128 0.197435897436
129 0.192708333333
130 0.164021164021
131 0.192802056555
132 0.164893617021
133 0.155495978552
134 0.183937823834
135 0.153225806452
136 0.16
137 0.161290322581
138 0.195372750643
139 0.196382428941
140 0.178477690289
141 0.183727034121
142 0.163538873995
143 0.186046511628
144 0.185378590078
145 0.149051490515
146 0.161290322581
147 0.188630490956
148 0.188481675393
149 0.170666666667
150 0.164893617021
151 0.193211488251
152 0.167108753316
153 0.181578947368
154 0.168
155 0.155737704918
156 0.177718832891
157 0.16935483871
158 0.191214470284
159 0.174603174603
160 0.191214470284
161 0.175853018373
162 0.177248677249
163 0.181102362205
164 0.164864864865
165 0.187012987013
166 0.173684210526
167 0.171581769437
168 0.16976127321
169 0.159459459459
170 0.182058047493
171 0.1581769437
172 0.203084832905
173 0.197435897436
174 0.192708333333
175 0.177248677249
176 0.16935483871
177 0.181578947368
178 0.145604395604
179 0.185378590078
