1 0.104831642455
2 0.111244059456
3 0.116771714584
4 0.119447065961
5 0.121928612356
6 0.121903333446
7 0.121903333446
8 0.121899120294
9 0.122029727999
10 0.121840136169
11 0.121953891267
12 0.121903333446
13 0.122059220061
14 0.122295156561
15 0.124789342411
16 0.124764063501
17 0.125126394553
18 0.124814621322
19 0.124317469413
20 0.124494421787
21 0.124342748323
22 0.124519700698
23 0.124751424045
24 0.125185378678
25 0.124785129259
26 0.124363814082
27 0.124540766457
28 0.124313256261
29 0.12454919276
30 0.12507162358
31 0.125029492062
32 0.12518959183
33 0.125033705214
34 0.125096902491
35 0.124717718831
36 0.125058984125
37 0.124780916108
38 0.124734571438
39 0.125172739223
40 0.124949442179
41 0.12485675284
42 0.124831473929
43 0.125113755098
44 0.125244362803
45 0.125021065759
46 0.125396036267
47 0.125294920624
48 0.124519700698
49 0.125126394553
50 0.124970507938
51 0.125092689339
52 0.124641882099
53 0.125181165526
54 0.124970507938
55 0.124806195018
56 0.124414371903
57 0.124747210894
58 0.125337052142
59 0.12504634467
60 0.124949442179
61 0.124684013617
62 0.125206444437
63 0.125370757356
64 0.125442380936
65 0.125678317436
66 0.125488725606
67 0.125446594088
68 0.125160099767
69 0.125231723348
70 0.125463446695
71 0.125455020392
72 0.125084263035
73 0.125244362803
74 0.125943745998
75 0.125396036267
76 0.125109541946
77 0.126428258452
78 0.126331355961
79 0.126070140551
80 0.126196535104
81 0.126078566854
82 0.125648825373
83 0.125669891132
84 0.125821564596
85 0.126086993158
86 0.126794802656
87 0.126120698372
88 0.126167043042
89 0.125572988641
90 0.126373487479
91 0.126529374094
92 0.126074353703
93 0.125867909266
94 0.125703596346
95 0.125720448953
96 0.125985877515
97 0.126268158684
98 0.126487242576
99 0.126533587246
100 0.126150190434
101 0.125728875257
102 0.126221814015
103 0.126925410361
104 0.126752671138
105 0.126470389969
106 0.126255519229
107 0.12687485254
108 0.126183895649
109 0.125918467087
110 0.126070140551
111 0.12635242172
112 0.126748457986
113 0.126310290202
114 0.125749941016
115 0.126731605379
116 0.126478816273
117 0.126204961408
118 0.126579931915
119 0.126731605379
120 0.126600997674
121 0.126558866157
122 0.126373487479
123 0.125787859382
124 0.125695170043
125 0.125526643972
126 0.126204961408
127 0.126322929657
128 0.125636185918
129 0.124936802723
130 0.126040648488
131 0.126799015808
132 0.126681047558
133 0.125872122417
134 0.125867909266
135 0.126057501095
136 0.126145977283
137 0.126499882032
138 0.126487242576
139 0.126887491995
140 0.12635242172
141 0.125876335569
142 0.125627759614
143 0.12597323806
144 0.126466176818
145 0.126740031683
146 0.126659981799
147 0.126019582729
148 0.125653038525
149 0.126086993158
150 0.126483029425
151 0.126786376352
152 0.126217600863
153 0.125518217668
154 0.125286494321
155 0.125880548721
156 0.126280798139
157 0.126440897907
158 0.125825777748
159 0.126158616738
160 0.126006943274
161 0.125577201793
162 0.126272371836
163 0.126179682497
164 0.126200748256
165 0.125851056658
166 0.12611648522
167 0.12597323806
168 0.126175469345
169 0.126175469345
170 0.126466176818
171 0.126390340086
172 0.126445111059
173 0.126011156426
174 0.125998516971
175 0.12644932421
