1 0.308270676692
2 0.29
3 0.291139240506
4 0.245569620253
5 0.247422680412
6 0.229381443299
7 0.147757255937
8 0.246153846154
9 0.137203166227
10 0.114882506527
11 0.14025974026
12 0.103064066852
13 0.0984042553191
14 0.107049608355
15 0.139410187668
16 0.145833333333
17 0.134517766497
18 0.127659574468
19 0.155495978552
20 0.158291457286
21 0.140664961637
22 0.180203045685
23 0.122950819672
24 0.118556701031
25 0.138461538462
26 0.15873015873
27 0.148051948052
28 0.109660574413
29 0.138666666667
30 0.174025974026
31 0.125641025641
32 0.102094240838
33 0.154046997389
34 0.139473684211
35 0.0923482849604
36 0.116710875332
37 0.165803108808
38 0.137755102041
39 0.111111111111
40 0.142857142857
41 0.0939226519337
42 0.108808290155
43 0.136950904393
44 0.121951219512
45 0.113756613757
46 0.111111111111
47 0.118598382749
48 0.15625
49 0.0976253298153
50 0.126288659794
51 0.137566137566
52 0.118421052632
53 0.106493506494
54 0.144702842377
55 0.157068062827
56 0.131782945736
57 0.09375
58 0.157760814249
59 0.117333333333
