1 0.117037143146
2 0.123588594156
3 0.128855033874
4 0.131328153965
5 0.133733863629
6 0.135309582392
7 0.138566348714
8 0.140786679699
9 0.144060298628
10 0.144190906333
11 0.144165627423
12 0.14437207186
13 0.144506892716
14 0.144553237386
15 0.144582729448
16 0.14413613536
17 0.14406451178
18 0.143997101352
19 0.143883346254
20 0.146975799656
21 0.149941858506
22 0.153594661094
23 0.156733459166
24 0.158958003303
25 0.165989753615
26 0.170855943915
27 0.176998719202
28 0.180078533149
29 0.18017543564
30 0.190497657488
31 0.19313930365
32 0.20140129428
33 0.207067983417
34 0.212258586403
35 0.217672486434
36 0.218135933129
37 0.217828373049
38 0.217950554451
39 0.227893592639
40 0.240684721426
41 0.240305537767
42 0.253614884223
43 0.254718729988
44 0.256193333109
45 0.265175772692
46 0.265306380397
47 0.275599110182
48 0.275156729246
49 0.281632343524
50 0.284741649533
51 0.284695304864
52 0.28468687856
53 0.285297785567
54 0.285171391014
55 0.292333749031
56 0.303667127305
57 0.323679598234
58 0.324332636759
59 0.324602278472
60 0.330070949476
61 0.348773130203
62 0.349017493006
63 0.348865819542
64 0.348882672149
65 0.365815329131
66 0.366278775827
67 0.366388317773
68 0.366232431157
69 0.366101823452
70 0.366181873336
71 0.366190299639
72 0.366034413024
73 0.366009134113
74 0.373976204119
75 0.383350466817
76 0.383392598335
77 0.383325187907
78 0.383080825104
79 0.383443156156
80 0.383253564326
81 0.383472648219
82 0.383573763861
83 0.383497927129
84 0.383603255924
85 0.383472648219
86 0.383447369308
87 0.383603255924
88 0.383295695844
89 0.383611682227
90 0.383582190165
91 0.383607469075
92 0.383653813745
93 0.38347686137
94 0.383346253665
95 0.383506353433
96 0.383636961138
97 0.384028784253
98 0.383898176548
99 0.383957160673
100 0.383809700361
101 0.383169301291
102 0.382983922613
103 0.383009201523
104 0.383038693586
105 0.382689001989
106 0.382887020122
107 0.383464221915
108 0.38359482962
109 0.383472648219
110 0.383106104014
111 0.382903872729
112 0.382933364792
113 0.383063972497
114 0.383042906738
115 0.382844888604
116 0.382920725336
117 0.383358893121
118 0.383447369308
119 0.383674879504
120 0.383481074522
121 0.383561124406
122 0.383514779736
123 0.383674879504
124 0.383700158415
125 0.383569550709
126 0.383518992888
127 0.383472648219
128 0.383577977013
129 0.383304122148
130 0.383156661836
131 0.383026054131
132 0.382967070006
133 0.383186153898
134 0.383055546193
135 0.383047119889
136 0.383030267282
137 0.382781691328
138 0.383413664094
139 0.383422090397
140 0.383245138023
141 0.383127169773
142 0.383283056389
143 0.383308335299
144 0.383413664094
145 0.383038693586
146 0.383203006505
147 0.383544271799
148 0.383805487209
149 0.38373807678
150 0.383999292191
151 0.383396811487
152 0.383636961138
153 0.38373807678
154 0.383792847754
155 0.383607469075
156 0.383582190165
157 0.383725437325
158 0.383759142539
159 0.383628534834
160 0.383577977013
161 0.383577977013
162 0.383603255924
163 0.383704371566
164 0.383645387441
165 0.383733863629
166 0.383582190165
167 0.383729650477
168 0.383422090397
169 0.383548484951
170 0.383662240049
171 0.383792847754
172 0.383312548451
173 0.383632747986
174 0.383792847754
175 0.383443156156
176 0.383679092656
177 0.383417877246
