1 0.299492385787
2 0.326732673267
3 0.29648241206
4 0.302267002519
5 0.310606060606
6 0.284263959391
7 0.291139240506
8 0.295
9 0.31328320802
10 0.587786259542
11 0.481958762887
12 0.395939086294
13 0.483290488432
14 0.471649484536
15 0.279012345679
16 0.494791666667
17 0.489743589744
18 0.487244897959
19 0.479487179487
20 0.260651629073
21 0.377551020408
22 0.434108527132
23 0.473145780051
24 0.447300771208
25 0.503896103896
26 0.455696202532
27 0.437659033079
28 0.513924050633
29 0.311557788945
30 0.2575
31 0.261845386534
32 0.372151898734
33 0.53488372093
34 0.448101265823
35 0.321695760599
36 0.53470437018
37 0.492307692308
38 0.406015037594
39 0.51637279597
40 0.403990024938
41 0.48730964467
42 0.524050632911
43 0.390306122449
44 0.516883116883
45 0.536082474227
46 0.300751879699
47 0.2625
48 0.256281407035
49 0.266832917706
50 0.260651629073
51 0.450127877238
52 0.53488372093
53 0.527272727273
54 0.258793969849
55 0.336658354115
56 0.515384615385
57 0.509950248756
58 0.431077694236
59 0.390428211587
60 0.524050632911
61 0.533163265306
62 0.36
63 0.255696202532
64 0.261845386534
65 0.2625
66 0.258793969849
67 0.265
68 0.260651629073
69 0.492462311558
70 0.533333333333
71 0.538265306122
72 0.47193877551
73 0.2625
74 0.258793969849
75 0.26
76 0.263157894737
77 0.260651629073
78 0.256926952141
79 0.28927680798
80 0.532133676093
81 0.535064935065
82 0.511568123393
83 0.259351620948
84 0.256926952141
85 0.260651629073
86 0.26368159204
87 0.265
88 0.260651629073
89 0.26
90 0.263819095477
91 0.3525
92 0.509950248756
93 0.50626566416
94 0.305
95 0.258145363409
96 0.258145363409
97 0.260651629073
98 0.261845386534
99 0.256926952141
100 0.2625
101 0.312655086849
102 0.51
103 0.503759398496
104 0.255639097744
105 0.2625
106 0.259445843829
107 0.258145363409
108 0.267990074442
109 0.258793969849
110 0.255050505051
111 0.330845771144
112 0.50626566416
113 0.405
114 0.2575
115 0.258145363409
116 0.252525252525
117 0.260651629073
118 0.260651629073
119 0.256926952141
120 0.269801980198
121 0.398496240602
122 0.533333333333
123 0.273182957393
124 0.259351620948
125 0.261194029851
126 0.257575757576
127 0.2625
128 0.258145363409
129 0.259445843829
130 0.2625
131 0.26433915212
132 0.376590330789
133 0.535897435897
134 0.28320802005
135 0.255639097744
136 0.2625
137 0.256857855362
138 0.258793969849
139 0.2625
140 0.255
141 0.260651629073
142 0.450248756219
143 0.421836228288
144 0.258145363409
145 0.261845386534
146 0.263157894737
147 0.258793969849
148 0.2625
149 0.265
150 0.258145363409
151 0.317380352645
152 0.501246882793
153 0.261306532663
154 0.256281407035
155 0.266169154229
156 0.258793969849
157 0.258793969849
158 0.26433915212
159 0.2625
160 0.256281407035
161 0.486284289277
162 0.263819095477
163 0.254364089776
164 0.260651629073
165 0.258793969849
166 0.266832917706
167 0.2625
168 0.258793969849
169 0.263157894737
170 0.258793969849
171 0.32241813602
172 0.3725
173 0.258145363409
174 0.261845386534
175 0.261306532663
176 0.259351620948
177 0.260651629073
178 0.259351620948
179 0.261306532663
