1 0.116590549058
2 0.123264181469
3 0.128935083757
4 0.131450335367
5 0.133320974755
6 0.134812430483
7 0.138086049412
8 0.140121001719
9 0.14092992686
10 0.141890525464
11 0.144860797465
12 0.149465772355
13 0.15482068826
14 0.159905962452
15 0.164190737807
16 0.164738447538
17 0.172810846338
18 0.179139000303
19 0.185947453571
20 0.189368532812
21 0.189528632579
22 0.192060736796
23 0.205723988001
24 0.20719437797
25 0.215586976305
26 0.222146853618
27 0.222728268563
28 0.229212309144
29 0.235359297583
30 0.235275034548
31 0.235283460851
32 0.235624726145
33 0.23620614109
34 0.248841383262
35 0.261097441774
36 0.26322508342
37 0.263380970036
38 0.281893558934
39 0.282171626951
40 0.287029390947
41 0.292826687789
42 0.292721358994
43 0.297680238633
44 0.304741481007
45 0.304716202096
46 0.316062219825
47 0.31612120395
48 0.315982169942
49 0.316201253834
50 0.315982169942
51 0.31661835586
52 0.316984900064
53 0.324290505241
54 0.328377262463
55 0.346632849102
56 0.346464323031
57 0.346312649567
58 0.36099127035
59 0.371258721224
60 0.371195523948
61 0.370951161145
62 0.371431460447
63 0.371456739358
64 0.371174458189
65 0.37167582325
66 0.371490444572
67 0.371389328929
68 0.38333361421
69 0.383089251407
70 0.382908085881
71 0.383030267282
72 0.382844888604
73 0.383030267282
74 0.383160874987
75 0.383030267282
76 0.383004988372
77 0.382790117631
78 0.383030267282
79 0.3830723988
80 0.382924938488
81 0.382992348916
82 0.382870167515
83 0.382903872729
84 0.382933364792
85 0.383080825104
86 0.382933364792
87 0.38269321514
88 0.382903872729
89 0.382844888604
90 0.382933364792
91 0.383455795612
92 0.383750716236
93 0.383434729853
94 0.383219859112
95 0.383249351175
96 0.383253564326
97 0.383063972497
98 0.383038693586
99 0.383038693586
100 0.383038693586
101 0.383342040514
102 0.383316761603
103 0.383497927129
104 0.383274630085
105 0.383472648219
106 0.383481074522
107 0.383447369308
108 0.383586403317
109 0.383561124406
110 0.382950217399
111 0.383211432809
112 0.383325187907
113 0.38337995888
114 0.383645387441
115 0.384011931646
116 0.383881323941
117 0.383434729853
118 0.383514779736
119 0.383620108531
120 0.383611682227
121 0.383085038255
122 0.382992348916
123 0.383203006505
124 0.383169301291
125 0.383342040514
126 0.383299908996
127 0.383085038255
128 0.383194580202
129 0.383342040514
130 0.383194580202
131 0.383586403317
132 0.382962856854
133 0.382924938488
134 0.383063972497
135 0.382933364792
136 0.383063972497
137 0.382933364792
138 0.383063972497
139 0.382950217399
140 0.383219859112
141 0.383034480434
142 0.382908085881
143 0.382903872729
144 0.3830723988
145 0.383089251407
146 0.382903872729
147 0.382823822845
148 0.383034480434
149 0.382933364792
150 0.382933364792
151 0.382878593818
152 0.382844888604
153 0.382933364792
154 0.382903872729
155 0.382823822845
156 0.382950217399
157 0.382773265024
158 0.383063972497
159 0.383038693586
160 0.383497927129
161 0.383586403317
162 0.383295695844
163 0.383063972497
164 0.382903872729
165 0.383194580202
166 0.383350466817
167 0.383139809228
168 0.38295443055
169 0.383350466817
170 0.383270416933
171 0.383219859112
172 0.383455795612
173 0.383430516701
174 0.383295695844
175 0.38321564596
176 0.383434729853
177 0.383455795612
