1 0.309226932668
2 0.320197044335
3 0.23677581864
4 0.25
5 0.330024813896
6 0.283251231527
7 0.233082706767
8 0.280303030303
9 0.415816326531
10 0.603535353535
11 0.5
12 0.396946564885
13 0.501285347044
14 0.427135678392
15 0.344303797468
16 0.453634085213
17 0.4675
18 0.477386934673
19 0.408415841584
20 0.2575
21 0.4335839599
22 0.471321695761
23 0.448979591837
24 0.451530612245
25 0.49104859335
26 0.503778337531
27 0.455242966752
28 0.310776942356
29 0.259900990099
30 0.261845386534
31 0.518041237113
32 0.444162436548
33 0.520833333333
34 0.407124681934
35 0.508728179551
36 0.436090225564
37 0.489743589744
38 0.444162436548
39 0.49104859335
40 0.426395939086
41 0.506393861893
42 0.43
43 0.26
44 0.258145363409
45 0.26
46 0.26
47 0.423076923077
48 0.523076923077
49 0.497422680412
50 0.26
51 0.445569620253
52 0.529562982005
53 0.506393861893
54 0.346835443038
55 0.52442159383
56 0.529262086514
57 0.335012594458
58 0.507692307692
59 0.530769230769
60 0.448979591837
61 0.414392059553
62 0.509950248756
63 0.508771929825
64 0.351620947631
65 0.261306532663
66 0.256281407035
67 0.257575757576
68 0.2625
69 0.258145363409
70 0.256926952141
71 0.298994974874
72 0.529411764706
73 0.524547803618
74 0.391521197007
75 0.260651629073
76 0.256926952141
77 0.26368159204
78 0.258793969849
79 0.256926952141
80 0.260651629073
81 0.446115288221
82 0.503759398496
83 0.508728179551
84 0.371571072319
85 0.260651629073
86 0.263157894737
87 0.261845386534
88 0.259445843829
89 0.26433915212
90 0.266832917706
91 0.260651629073
92 0.290404040404
93 0.508728179551
94 0.452261306533
95 0.259351620948
96 0.259351620948
97 0.2825
98 0.2625
99 0.26
100 0.260651629073
101 0.305210918114
102 0.5075
103 0.507537688442
104 0.304239401496
105 0.265
106 0.2575
107 0.265508684864
108 0.2625
109 0.258145363409
110 0.258145363409
111 0.335820895522
112 0.517857142857
113 0.414572864322
114 0.260651629073
115 0.256218905473
116 0.257575757576
117 0.2625
118 0.259445843829
119 0.26433915212
120 0.261845386534
121 0.261306532663
122 0.256926952141
123 0.26368159204
124 0.259445843829
125 0.261306532663
126 0.272277227723
127 0.260651629073
128 0.261964735516
129 0.2625
130 0.486075949367
131 0.51256281407
132 0.2775
133 0.261845386534
134 0.256281407035
135 0.256281407035
136 0.265508684864
137 0.26
138 0.2625
139 0.271144278607
140 0.526717557252
141 0.345088161209
142 0.267990074442
143 0.26
144 0.258145363409
145 0.2625
146 0.261306532663
147 0.260651629073
148 0.26368159204
149 0.494897959184
150 0.40203562341
151 0.258793969849
152 0.261845386534
153 0.263157894737
154 0.256926952141
155 0.265
156 0.258145363409
157 0.261306532663
158 0.374064837905
159 0.48730964467
160 0.2625
161 0.265
162 0.258145363409
163 0.258793969849
164 0.26433915212
165 0.261306532663
166 0.261306532663
167 0.26368159204
168 0.261306532663
169 0.359296482412
170 0.512437810945
171 0.31328320802
172 0.258145363409
173 0.258145363409
174 0.261845386534
175 0.261306532663
176 0.260651629073
177 0.261845386534
178 0.263157894737
179 0.431077694236
