1 0.316831683168
2 0.327543424318
3 0.294710327456
4 0.311720698254
5 0.3275
6 0.288944723618
7 0.308270676692
8 0.294264339152
9 0.26
10 0.255639097744
11 0.260545905707
12 0.2575
13 0.258145363409
14 0.258706467662
15 0.255
16 0.2575
17 0.26368159204
18 0.256281407035
19 0.392947103275
20 0.535532994924
21 0.4075
22 0.467336683417
23 0.418316831683
24 0.39847715736
25 0.443609022556
26 0.503836317136
27 0.476923076923
28 0.258145363409
29 0.47582697201
30 0.399484536082
31 0.469387755102
32 0.483028720627
33 0.506493506494
34 0.462724935733
35 0.339285714286
36 0.255639097744
37 0.261845386534
38 0.527272727273
39 0.453865336658
40 0.363408521303
41 0.532467532468
42 0.40203562341
43 0.530769230769
44 0.434673366834
45 0.464824120603
46 0.513715710723
47 0.3875
48 0.538659793814
49 0.403598971722
50 0.2575
51 0.263157894737
52 0.258793969849
53 0.345
54 0.533505154639
55 0.506297229219
56 0.371859296482
57 0.273631840796
58 0.506203473945
59 0.5025
60 0.483709273183
61 0.336658354115
62 0.508816120907
63 0.50626566416
64 0.511221945137
65 0.341708542714
66 0.49354005168
67 0.536458333333
68 0.539641943734
69 0.28391959799
70 0.258145363409
71 0.2625
72 0.256926952141
73 0.258793969849
74 0.260651629073
75 0.406015037594
76 0.519379844961
77 0.538860103627
78 0.531088082902
79 0.453865336658
80 0.263157894737
81 0.258145363409
82 0.256926952141
83 0.266832917706
84 0.258793969849
85 0.261306532663
86 0.366583541147
87 0.518796992481
88 0.508728179551
89 0.487562189055
90 0.261845386534
91 0.256926952141
92 0.26368159204
93 0.261845386534
94 0.260651629073
95 0.26433915212
96 0.26433915212
97 0.258793969849
98 0.42199488491
99 0.54358974359
100 0.483544303797
101 0.261845386534
102 0.259351620948
103 0.259351620948
104 0.26
105 0.266169154229
106 0.258145363409
107 0.256281407035
108 0.447837150127
109 0.506297229219
110 0.512437810945
111 0.27
112 0.260651629073
113 0.255639097744
114 0.260651629073
115 0.26433915212
116 0.255639097744
117 0.259351620948
118 0.331632653061
119 0.532299741602
120 0.44358974359
121 0.256281407035
122 0.2625
123 0.261845386534
124 0.258145363409
125 0.26433915212
126 0.258793969849
127 0.258145363409
128 0.416879795396
129 0.536458333333
130 0.298245614035
131 0.261845386534
132 0.258145363409
133 0.2575
134 0.2625
135 0.2625
136 0.258145363409
137 0.266169154229
138 0.258145363409
139 0.386189258312
140 0.521518987342
141 0.293969849246
142 0.26
143 0.261845386534
144 0.26
145 0.258793969849
146 0.26433915212
147 0.256281407035
148 0.255639097744
149 0.5
150 0.416879795396
151 0.26
152 0.258793969849
153 0.261845386534
154 0.26
155 0.256926952141
156 0.259351620948
157 0.260651629073
158 0.345864661654
159 0.506234413965
160 0.261845386534
161 0.2575
162 0.261845386534
163 0.258145363409
164 0.256281407035
165 0.26368159204
166 0.26368159204
167 0.258145363409
168 0.512820512821
169 0.288220551378
170 0.259351620948
171 0.258793969849
172 0.265508684864
173 0.255639097744
174 0.258145363409
175 0.267326732673
176 0.256281407035
177 0.261845386534
178 0.327455919395
179 0.383084577114
