1 0.105349860123
2 0.111795982338
3 0.117942970778
4 0.121625265429
5 0.126600997674
6 0.128429505545
7 0.130472884155
8 0.136952711584
9 0.13969547339
10 0.141591391688
11 0.144797600189
12 0.148871717955
13 0.153910647477
14 0.158511409215
15 0.161401631332
16 0.166347871516
17 0.171049748896
18 0.173897839496
19 0.179964778051
20 0.182863426472
21 0.183170986552
22 0.191163335468
23 0.194053557585
24 0.20166250969
25 0.207131180694
26 0.211824631771
27 0.216560214365
28 0.220912400148
29 0.221055647309
30 0.221043007853
31 0.221114631433
32 0.231424213826
33 0.239104789511
34 0.24442178705
35 0.252388857056
36 0.252599514645
37 0.260591863561
38 0.260663487141
39 0.268976035593
40 0.270214702214
41 0.278885368567
42 0.280802352624
43 0.286346860359
44 0.286506960127
45 0.286557517948
46 0.286557517948
47 0.287063096161
48 0.287290606357
49 0.304139000303
50 0.311764805015
51 0.320768310358
52 0.321029525768
53 0.323902895278
54 0.34394485827
55 0.343974350332
56 0.344113384341
57 0.359133270417
58 0.359183828238
59 0.359002662712
60 0.367420539958
61 0.373264181469
62 0.373019818666
63 0.373264181469
64 0.372889210961
65 0.372813374229
66 0.372813374229
67 0.372969260845
68 0.372598503488
69 0.372724898042
70 0.373230476255
71 0.382684788837
72 0.382608952105
73 0.382528902221
74 0.382764838721
75 0.382415147123
76 0.382474131248
77 0.382634231016
78 0.382604738953
79 0.382764838721
80 0.382499410159
81 0.382659509926
82 0.382676362533
83 0.382655296774
84 0.38292915164
85 0.382798543935
86 0.382710067747
87 0.382916512184
88 0.383059759345
89 0.383004988372
90 0.382710067747
91 0.382798543935
92 0.383026054131
93 0.383034480434
94 0.382781691328
95 0.382895446426
96 0.383101890863
97 0.383051333041
98 0.383156661836
99 0.382785904479
100 0.383287269541
101 0.383417877246
102 0.383679092656
103 0.383101890863
104 0.382937577943
105 0.382996562068
106 0.383026054131
107 0.383156661836
108 0.383198793353
109 0.383026054131
110 0.383165088139
111 0.383417877246
112 0.383426303549
113 0.383468435067
114 0.383392598335
115 0.383257777478
116 0.383388385183
117 0.383417877246
118 0.383388385183
119 0.383548484951
120 0.383679092656
121 0.383548484951
122 0.383388385183
123 0.383417877246
124 0.383548484951
125 0.383434729853
126 0.383548484951
127 0.383417877246
128 0.383548484951
129 0.383392598335
130 0.38340523779
131 0.382912299033
132 0.382937577943
133 0.382996562068
134 0.382916512184
135 0.382920725336
136 0.383059759345
137 0.38292915164
138 0.38321564596
139 0.383287269541
140 0.383607469075
141 0.382941791095
142 0.382903872729
143 0.382950217399
144 0.383059759345
145 0.38319036705
146 0.383059759345
147 0.382823822845
148 0.38300077522
149 0.382651083623
150 0.383042906738
151 0.383051333041
152 0.382895446426
153 0.383042906738
154 0.382655296774
155 0.382895446426
156 0.383346253665
157 0.383207219657
158 0.382912299033
159 0.382684788837
160 0.382655296774
161 0.382545754828
162 0.382790117631
163 0.382865954363
164 0.382676362533
165 0.382865954363
166 0.382895446426
167 0.383346253665
168 0.383417877246
169 0.383514779736
170 0.383388385183
171 0.383443156156
172 0.383527419192
173 0.383485287674
174 0.38345158246
175 0.383308335299
176 0.383443156156
177 0.383573763861
