1 0.143786443763
2 0.150346321076
3 0.156248946712
4 0.160221948835
5 0.164262361387
6 0.165429404429
7 0.168180592538
8 0.174803667127
9 0.17659004348
10 0.178549159055
11 0.18354595706
12 0.185627254036
13 0.191871144966
14 0.196442414642
15 0.197748491692
16 0.204540092352
17 0.209094509421
18 0.214213488827
19 0.214183996764
20 0.223634096195
21 0.230290875999
22 0.234579864505
23 0.238472816745
24 0.243086217938
25 0.247354140686
26 0.247299369712
27 0.247741750649
28 0.255085274192
29 0.259395328457
30 0.270105160268
31 0.270732919883
32 0.277583504668
33 0.284088611008
34 0.284341400115
35 0.290825440696
36 0.297372678553
37 0.297566483535
38 0.29769709124
39 0.297583336142
40 0.297802420034
41 0.30064208433
42 0.316133843406
43 0.328486804409
44 0.32879857764
45 0.341294785803
46 0.347058377431
47 0.347311166537
48 0.358779365668
49 0.358682463177
50 0.359849506219
51 0.370104317638
52 0.37032340153
53 0.374869392295
54 0.381450335367
55 0.381336580269
56 0.393664262361
57 0.393891772557
58 0.393681114968
59 0.393411473255
