1 0.309226932668
2 0.316582914573
3 0.26433915212
4 0.268844221106
5 0.315656565657
6 0.278481012658
7 0.228855721393
8 0.299748110831
9 0.488778054863
10 0.572151898734
11 0.4125
12 0.496240601504
13 0.461346633416
14 0.305
15 0.454545454545
16 0.475
17 0.461346633416
18 0.275
19 0.398496240602
20 0.475124378109
21 0.455
22 0.4463840399
23 0.441396508728
24 0.44696969697
25 0.258145363409
26 0.26
27 0.44
28 0.451127819549
29 0.493796526055
30 0.435
31 0.42
32 0.507614213198
33 0.436090225564
34 0.421717171717
35 0.513924050633
36 0.3025
37 0.261845386534
38 0.258793969849
39 0.2625
40 0.467336683417
41 0.512626262626
42 0.305970149254
43 0.424623115578
44 0.505025125628
45 0.367758186398
46 0.494949494949
47 0.508860759494
48 0.357682619647
49 0.517676767677
50 0.477272727273
51 0.393939393939
52 0.518703241895
53 0.401515151515
54 0.467171717172
55 0.515075376884
56 0.310776942356
57 0.2575
58 0.261845386534
59 0.257575757576
